6
0,11,86,19,40,72
11,0,56,33,66,17
86,56,0,78,40,55
19,33,78,0,27,90
40,66,40,27,0,93
72,17,55,90,93,0